

% Define material properties
E = 70e9; % Young's modulus in Pa
nu = 0.33; % Poisson's ratio

% Define geometry
L = 100e-3; % Length in m
W = 10e-3; % Width in m
B = 1e-3; % Breadth in m

%mesh info
%connectivity
connectivity = [
    1 1 2 4
    2 4 3 1
    3 3 4 6
    4 6 5 3
    5 2 7 16
    6 7 8 17
    7 8 9 18
    8 9 10 19
    9 10 11 20
    10 11 12 21
    11 12 13 22
    12 13 14 23
    13 14 15 24
    14 16 4 2
    15 17 16 7
    16 18 17 8
    17 19 18 9
    18 20 19 10
    19 21 20 11
    20 22 21 12
    21 23 22 13
    22 24 23 14
    23 4 16 25
    24 16 17 26
    25 17 18 27
    26 18 19 28
    27 19 20 29
    28 20 21 30
    29 21 22 31
    30 22 23 32
    31 23 24 33
    32 25 6 4
    33 26 25 16
    34 27 26 17
    35 28 27 18
    36 29 28 19
    37 30 29 20
    38 31 30 21
    39 32 31 22
    40 33 32 23
];

% Coordinates
coordinates = [
    1 0.0 0.0
2 10.0 0.0
3 0.0 5.0
4 10.0 5.0
5 0.0 10.0
6 10.0 10.0
7 20.0 0.0
8 30.0 0.0
9 40.0 0.0
10 50.0 0.0
11 60.0 0.0
12 70.0 0.0
13 80.0 0.0
14 90.0 0.0
15 100.0 0.0
16 20.0 5.0
17 30.0 5.0
18 40.0 5.0
19 50.0 5.0
20 60.0 5.0
21 70.0 5.0
22 80.0 5.0
23 90.0 5.0
24 100.0 5.0
25 20.0 10.0
26 30.0 10.0
27 40.0 10.0
28 50.0 10.0
29 60.0 10.0
30 70.0 10.0
31 80.0 10.0
32 90.0 10.0
33 100.0 10.0
];



